<h1>6. Which witch wished which wicked wish</h1><p align="center">Listen to the sentence and record your own version. Compare your pitch and timing to this version.
0.327,0.774,which
138,137,136,134,134,134,135,137,141,146,151,157,161,163,163,163,163,163,163,163,163,163,164,164,164,163,162,162,161,161,160,160,159,159,158,158,157,157,156,156,155,155,154,154,154
0.774,1.354,witch
153,153,152,152,151,150,149,149,148,147,146,144,141,136,131,126,120,116,111,108,106,106,106,107,109,112,112,112,112,113,113,113,113,113,113,113,113,114,114,114,114,114,114,114,115,115,115,115,115,115,115,115,116,116,116,116,116,116
1.354,1.793,,
116,116,117,117,117,117,117,117,117,118,118,118,118,118,118,118,118,119,119,119,119,119,119,119,120,120,120,120,120,120,120,120,121,121,121,121,121,121,121,121,122,122,122,122
1.793,2.185,wished
121,121,121,121,122,124,127,129,130,130,131,131,131,131,131,130,130,129,128,128,128,128,128,128,128,128,128,128,128,128,128,128,129,129,129,129,129,129,129
2.185,2.809,which
128,128,126,124,121,118,116,115,117,120,125,131,137,142,147,151,154,156,156,156,156,156,155,155,154,154,153,153,152,152,151,151,150,150,149,149,148,148,147,147,146,146,145,145,144,144,143,143,142,142,141,141,140,140,139,139,138,138,137,137,136,136
2.809,3.164,wicked
137,140,143,147,150,151,150,149,148,147,146,146,145,145,145,144,144,143,143,142,141,140,139,137,133,128,123,120,118,116,115,114,114,114,114,114
3.164,3.700,wish
114,114,114,114,114,114,114,116,118,121,124,125,125,123,118,111,104,98,93,91,89,88,88,88,88,88,88,88,88,88,88,88,88,88,88,88,88,88,88,88,88,88,88,88,88,88,88,88,88,88,88,88,88,88
