<h1>7. Chris's crusts crackle crunchily</h1><p align="center">Listen to the sentence and record your own version. Compare your pitch and timing to this version.
0.226,0.708,chris's
182,182,182,182,182,182,182,182,182,182,182,180,175,172,168,164,167,171,175,178,182,186,189,193,197,196,195,195,192,189,184,177,170,162,158,155,153,153,153,153,153,153,153,153,153,153,153,153
0.708,1.384,crusts
153,153,153,153,153,153,153,154,153,152,151,148,142,134,127,121,116,113,111,110,110,110,110,110,110,111,112,112,113,114,114,115,116,116,117,118,118,119,120,120,121,122,122,123,124,124,125,126,126,127,128,128,129,130,130,131,132,132,133,134,134,135,136,136,137,138,138,139
1.384,1.737,,
140,140,141,142,142,143,144,144,145,146,146,147,148,149,149,150,151,151,152,153,153,154,155,155,156,157,157,158,159,159,160,161,161,162,163
1.737,2.211,crackle
163,164,165,165,166,167,167,168,168,167,165,160,153,143,134,129,125,123,126,130,134,138,142,145,149,153,152,151,150,148,145,142,140,137,135,131,127,123,119,114,112,110,109,112,116,119,123,126
2.211,2.842,crunchily
130,134,137,141,144,148,152,150,148,148,146,145,143,140,137,134,132,130,126,121,115,112,109,108,108,109,110,111,112,113,114,115,114,112,111,107,103,99,97,96,95,96,97,97,98,97,97,97,96,95,94,94,94,95,96,96,97,98,98,98,98,98,98
