<h1>8. I'm not a pheasant plucker, I'm a pheasant plucker's mate, and I'm only plucking pheasants 'cos the pheasant plucker's running late</h1><p align="center">Listen to the sentence and record your own version. Compare your pitch and timing to this version.
0.354,0.538,I'm
144,143,142,141,140,140,139,139,138,137,136,135,135,136,136,137,137,137
0.538,0.802,not
138,138,139,140,142,146,153,159,164,167,169,170,170,170,169,168,167,167,167,167,167,167,168,168,168,168,169
0.802,0.860,a
166,165,165,164,164,163
0.860,1.431,pheasant
163,162,162,161,161,161,160,160,159,159,158,158,156,155,155,154,154,153,151,147,139,135,130,127,131,136,141,146,151,150,149,148,147,144,141,138,136,135,135,135,135,135,136,136,136,136,137,137,137,138,138,138,138,139,139,139,140
1.431,1.938,plucker
140,140,140,141,141,141,142,140,139,137,134,130,123,115,110,105,101,102,104,106,108,110,112,114,116,118,120,122,121,120,119,117,116,114,113,111,108,105,103,101,101,103,105,108,109,109,108,108,107,106
1.938,2.366,,
106,107,107,108,109,109,110,111,111,112,112,113,114,114,115,116,116,117,118,118,119,119,120,121,121,122,123,123,124,125,125,126,126,127,128,128,129,130,130,131,131,132,133
2.366,2.554,I'm
133,134,134,134,133,133,133,133,133,133,133,132,131,129,128,126,125,124,123
2.554,2.672,the
122,121,122,124,127,129,129,126,121,112,107,100
2.672,3.174,pheasant
95,101,107,113,119,125,132,138,144,150,156,163,162,161,160,158,155,152,148,143,136,130,127,127,131,137,144,149,152,153,154,154,154,155,154,154,153,153,153,153,153,153,154,154,154,154,154,154,155,155
3.174,3.516,plucker's
155,155,155,155,156,153,152,151,149,145,139,131,127,123,120,124,128,132,136,140,145,144,143,141,137,130,123,115,110,108,107,108,110,114
3.516,4.042,mate
118,122,126,127,126,125,124,124,125,126,128,130,132,133,132,130,127,124,121,117,111,105,97,91,86,84,85,86,88,94,95,95,96,96,97,97,98,98,99,99,100,100,101,101,102,102,103,103,104,104,105,105,106
4.042,4.687,,
106,107,107,108,108,109,109,110,110,111,111,112,112,113,113,114,114,115,115,116,116,117,117,118,118,119,119,120,120,121,121,122,122,123,123,124,124,125,125,126,126,127,127,128,128,129,129,130,130,131,131,132,132,133,133,134,134,135,135,136,136,137,137,138
4.687,4.809,I
138,137,137,136,135,135,136,137,138,138,137,136
4.809,5.046,am
135,135,135,134,134,134,133,133,133,133,135,137,139,142,146,149,151,152,153,152,151,151,150,150
5.046,5.452,only
150,150,151,152,153,156,158,160,161,161,160,159,158,157,157,156,155,154,153,153,153,153,154,155,156,156,156,154,152,147,138,133,127,122,124,127,130,133,136,139,141
5.452,5.885,plucking
144,147,150,153,156,159,159,159,158,158,156,152,148,145,143,142,142,143,143,144,144,145,145,146,146,147,145,144,143,142,141,139,138,137,135,132,128,122,115,108,104,102,102
5.885,6.590,pheasants
107,112,117,122,127,132,137,142,147,152,151,151,150,149,148,145,141,136,130,122,118,114,111,112,114,116,118,120,118,116,113,108,103,100,99,98,98,98,98,98,97,96,96,96,97,97,98,98,99,99,100,100,101,101,102,102,103,103,104,105,105,106,106,107,107,108,108,109,109,110
6.590,6.929,,
110,111,111,112,112,113,114,114,115,115,116,116,117,117,118,118,119,119,120,120,121,121,122,123,123,124,124,125,125,126,126,127,127,128
6.929,7.120,'cos
128,129,129,130,131,129,128,126,121,115,111,107,104,107,111,115,118,122,126,130
7.120,7.208,the
133,137,134,132,129,127,125,123
7.208,7.679,pheasant
126,130,133,137,140,144,147,151,154,158,162,161,160,158,155,151,146,141,134,131,128,126,129,132,136,139,143,143,143,142,142,141,140,138,136,134,132,131,131,131,132,133,134,135,137,138,139
7.679,8.193,plucker's
140,142,143,144,145,147,146,146,146,145,144,142,137,129,125,120,116,116,117,118,119,120,121,122,123,122,121,119,116,113,109,107,105,104,103,102,101,101,101,102,104,106,109,110,111,111,111,110,109,107,106,105
8.193,8.607,running
106,107,109,110,111,112,115,119,122,125,127,129,130,132,132,132,130,129,128,128,128,128,129,129,129,128,127,126,124,123,121,120,120,120,119,119,118,118,117,117,116
8.607,9.105,late
116,116,116,116,118,121,125,129,131,131,132,131,130,129,126,123,117,110,102,95,90,86,84,83,82,82,82,82,82,82,82,82,82,82,82,82,82,82,82,82,82,82,82,82,82,82,82,82,82,82
