<h1>4. Sam's shop stocks short spotted socks</h1><p align="center">Listen to the sentence and record your own version. Compare your pitch and timing to this version.
0.266,0.864,sam's
164,164,164,164,164,164,164,164,164,164,164,164,164,164,163,162,161,159,157,156,156,156,157,159,161,164,166,167,168,169,170,171,171,172,173,175,177,177,177,177,176,176,174,173,171,170,167,163,157,154,150,148,147,147,147,147,147,147,147,147
0.864,1.516,shop
147,147,147,146,146,146,146,146,146,146,146,146,146,146,145,143,141,136,131,125,121,117,114,113,113,114,117,121,124,126,128,128,128,128,128,128,128,129,129,129,129,129,129,130,130,130,130,130,130,131,131,131,131,131,131,131,132,132,132,132,132,132,133,133,133
1.516,2.076,stocks
133,133,133,134,134,134,134,134,134,134,135,135,135,135,135,135,136,136,136,136,136,136,137,134,132,131,129,128,126,126,124,123,121,120,120,121,122,123,124,125,126,128,129,130,131,132,133,134,136,137,138,139,140,141,142,144
2.076,2.663,short
145,146,147,148,149,150,152,153,154,155,156,157,159,158,157,155,152,149,146,145,145,146,147,148,149,150,152,153,154,155,156,156,157,157,158,159,159,160,161,162,162,163,164,165,165,166,167,168,169,169,171,171,174,179,177,175,173,172,170
2.663,3.220,spotted
168,166,164,162,161,159,157,155,153,151,149,148,146,144,142,140,138,137,135,134,132,130,128,126,125,121,115,110,105,101,104,107,111,114,117,121,124,123,123,122,120,118,115,112,110,109,109,108,108,107,107,107,107,108,109
3.220,3.886,socks
111,112,114,115,117,118,120,121,123,124,126,127,129,130,132,128,123,117,104,92,86,85,87,88,89,89,89,89,89,89,89,89,89,89,89,89,89,89,89,89,89,89,89,89,89,89,89,89,89,89,89,89,89,89,89,89,89,89,89,89,89,89,89,89,89,89,89
